36.0 32.0 93.0 57.0 51.0 17.0 78.0 72.0
93.0 57.0 145.0 89.0 108.0 42.0 130.0 104.0
145.0 89.0 196.0 160.0 160.0 74.0 181.0 175.0
196.0 160.0 179.0 194.0 211.0 145.0 164.0 209.0
179.0 194.0 199.0 235.0 194.0 179.0 184.0 250.0
199.0 235.0 235.0 238.0 214.0 220.0 220.0 253.0
235.0 238.0 205.0 192.0 250.0 223.0 190.0 207.0
205.0 192.0 219.0 145.0 220.0 177.0 204.0 160.0
219.0 145.0 300.0 145.0 234.0 130.0 285.0 160.0
300.0 145.0 374.0 155.0 315.0 130.0 359.0 170.0
374.0 155.0 439.0 178.0 389.0 140.0 424.0 193.0
439.0 178.0 478.0 216.0 454.0 163.0 463.0 231.0
478.0 216.0 472.0 139.0 493.0 201.0 457.0 154.0
472.0 139.0 250.0 84.0 487.0 124.0 235.0 99.0
250.0 84.0 154.0 33.0 265.0 69.0 139.0 48.0
154.0 33.0 36.0 32.0 164.0 23.0 26.0 42.0
