240.0 48.44444613986545 221.33333333333334 44.000001695421005 255.0 33.44444613986545 206.33333333333334 59.000001695421005
221.33333333333334 44.000001695421005 195.11111111111111 32.000001695421005 236.33333333333334 29.000001695421005 180.11111111111111 47.000001695421005
195.11111111111111 32.000001695421005 211.11111111111111 74.66666836208768 210.11111111111111 17.000001695421005 196.11111111111111 89.66666836208768
211.11111111111111 74.66666836208768 211.55555555555554 105.77777947319879 226.11111111111111 59.66666836208768 196.55555555555554 120.77777947319879
211.55555555555554 105.77777947319879 149.77777777777777 112.44444613986545 226.55555555555554 90.77777947319879 134.77777777777777 127.44444613986545
149.77777777777777 112.44444613986545 109.33333333333333 133.7777794731988 164.77777777777777 97.44444613986545 94.33333333333333 148.7777794731988
109.33333333333333 133.7777794731988 72.0 166.22222391764322 124.33333333333333 118.77777947319879 57.0 181.22222391764322
72.0 166.22222391764322 64.0 195.1111128065321 87.0 151.22222391764322 49.0 210.1111128065321
64.0 195.1111128065321 32.888888888888886 209.33333502875433 79.0 180.1111128065321 17.888888888888886 224.33333502875433
32.888888888888886 209.33333502875433 27.555555555555557 234.22222391764322 47.888888888888886 194.33333502875433 12.555555555555557 249.22222391764322
27.555555555555557 234.22222391764322 65.33333333333333 258.22222391764325 42.55555555555556 219.22222391764322 50.33333333333333 273.22222391764325
65.33333333333333 258.22222391764325 80.0 294.22222391764325 80.33333333333333 243.22222391764325 65.0 309.22222391764325
80.0 294.22222391764325 124.0 291.55555555555554 95.0 279.22222391764325 109.0 306.55555555555554
124.0 291.55555555555554 125.33333333333333 275.1111111111111 139.0 276.55555555555554 110.33333333333333 290.1111111111111
125.33333333333333 275.1111111111111 157.33333333333334 222.66666666666666 140.33333333333331 260.1111111111111 142.33333333333334 237.66666666666666
157.33333333333334 222.66666666666666 191.11111111111111 240.44444444444446 172.33333333333334 207.66666666666666 176.11111111111111 255.44444444444446
191.11111111111111 240.44444444444446 211.55555555555554 215.11111111111111 206.11111111111111 225.44444444444446 196.55555555555554 230.11111111111111
211.55555555555554 215.11111111111111 270.22222222222223 222.22222222222223 226.55555555555554 200.11111111111111 255.22222222222223 237.22222222222223
270.22222222222223 222.22222222222223 314.22222222222223 173.77777777777777 285.22222222222223 207.22222222222223 299.22222222222223 188.77777777777777
314.22222222222223 173.77777777777777 357.3333333333333 153.33333333333334 329.22222222222223 158.77777777777777 342.3333333333333 168.33333333333334
357.3333333333333 153.33333333333334 346.6666666666667 111.11111111111111 372.3333333333333 138.33333333333334 331.6666666666667 126.11111111111111
346.6666666666667 111.11111111111111 292.44444444444446 85.33333333333333 361.6666666666667 96.11111111111111 277.44444444444446 100.33333333333333
292.44444444444446 85.33333333333333 291.1111111111111 57.333333333333336 307.44444444444446 70.33333333333333 276.1111111111111 72.33333333333334
291.1111111111111 57.333333333333336 266.6666666666667 31.555555555555557 306.1111111111111 42.333333333333336 251.66666666666669 46.55555555555556
266.6666666666667 31.555555555555557 240.0 48.44444613986545 276.6666666666667 21.555555555555557 230.0 58.44444613986545
