482.0 392.0 460.0 317.0 497.0 377.0 445.0 332.0
460.0 317.0 459.0 225.0 475.0 302.0 444.0 240.0
459.0 225.0 423.0 234.0 474.0 210.0 408.0 249.0
423.0 234.0 371.0 306.0 438.0 219.0 356.0 321.0
371.0 306.0 336.0 265.0 386.0 291.0 321.0 280.0
336.0 265.0 320.0 220.0 351.0 250.0 305.0 235.0
320.0 220.0 299.0 312.0 335.0 205.0 284.0 327.0
299.0 312.0 254.0 355.0 314.0 297.0 239.0 370.0
254.0 355.0 225.0 329.0 269.0 340.0 210.0 344.0
225.0 329.0 230.0 392.0 240.0 314.0 215.0 407.0
230.0 392.0 288.0 449.0 245.0 377.0 273.0 464.0
288.0 449.0 305.77777777777777 483.55555555555554 303.0 434.0 290.77777777777777 498.55555555555554
305.77777777777777 483.55555555555554 482.0 392.0 315.77777777777777 473.55555555555554 472.0 402.0
